   -0.1500000000E+00    0.5783337694E-03    0.1239214341E-03   -0.8126095794E-03   -0.2089161817E-01   -0.1326168904E+01   -0.6606677826E-02
   -0.1490000000E+00    0.5786954025E-03    0.1235231829E-03   -0.8139300960E-03   -0.2086766583E-01   -0.1324816385E+01   -0.6601201881E-02
   -0.1480000000E+00    0.5789710138E-03    0.1231418349E-03   -0.8151767803E-03   -0.2085400626E-01   -0.1323464701E+01   -0.6595754653E-02
   -0.1470000000E+00    0.5792356301E-03    0.1227436591E-03   -0.8163891242E-03   -0.2082267767E-01   -0.1322116445E+01   -0.6590363035E-02
   -0.1460000000E+00    0.5795070411E-03    0.1223404696E-03   -0.8175556828E-03   -0.2079882624E-01   -0.1320766134E+01   -0.6584971265E-02
   -0.1450000000E+00    0.5797762343E-03    0.1219294436E-03   -0.8186968166E-03   -0.2078524355E-01   -0.1319416374E+01   -0.6579608283E-02
   -0.1440000000E+00    0.5801268680E-03    0.1215135656E-03   -0.8197942743E-03   -0.2076145655E-01   -0.1318067440E+01   -0.6574272996E-02
   -0.1430000000E+00    0.5803913888E-03    0.1210773420E-03   -0.8208577606E-03   -0.2074790582E-01   -0.1316719192E+01   -0.6568966561E-02
   -0.1420000000E+00    0.5806535467E-03    0.1206474386E-03   -0.8218876394E-03   -0.2072417727E-01   -0.1315371629E+01   -0.6563700893E-02
   -0.1410000000E+00    0.5809134453E-03    0.1202030634E-03   -0.8228842572E-03   -0.2070354018E-01   -0.1314024610E+01   -0.6558450586E-02
   -0.1400000000E+00    0.5812897852E-03    0.1197612396E-03   -0.8239750019E-03   -0.2071555953E-01   -0.1312664946E+01   -0.6553093155E-02
   -0.1390000000E+00    0.5815435128E-03    0.1193148287E-03   -0.8249060418E-03   -0.2068474932E-01   -0.1311319491E+01   -0.6547901224E-02
   -0.1380000000E+00    0.5817947023E-03    0.1188633970E-03   -0.8256267953E-03   -0.2067125720E-01   -0.1309974718E+01   -0.6542738334E-02
   -0.1370000000E+00    0.5820169989E-03    0.1183867937E-03   -0.8266297076E-03   -0.2062957955E-01   -0.1308716158E+01   -0.6537723768E-02
   -0.1360000000E+00    0.5822636659E-03    0.1179129209E-03   -0.8274554937E-03   -0.2060602862E-01   -0.1307372473E+01   -0.6532616249E-02
   -0.1350000000E+00    0.5825076260E-03    0.1174473424E-03   -0.8282498289E-03   -0.2059263443E-01   -0.1306029600E+01   -0.6527537930E-02
   -0.1340000000E+00    0.5827488277E-03    0.1169512365E-03   -0.8291443930E-03   -0.2056913673E-01   -0.1304687399E+01   -0.6522500620E-02
   -0.1330000000E+00    0.5829873699E-03    0.1164451361E-03   -0.8297089438E-03   -0.2054871957E-01   -0.1303345734E+01   -0.6517479190E-02
   -0.1320000000E+00    0.5832228993E-03    0.1159401257E-03   -0.8305324017E-03   -0.2052528854E-01   -0.1302004874E+01   -0.6512499396E-02
   -0.1310000000E+00    0.5834555145E-03    0.1154434712E-03   -0.8312032355E-03   -0.2051198056E-01   -0.1300664682E+01   -0.6507535637E-02
   -0.1300000000E+00    0.5836853125E-03    0.1149273307E-03   -0.8319653651E-03   -0.2048861564E-01   -0.1299325156E+01   -0.6502613617E-02
   -0.1290000000E+00    0.5839119400E-03    0.1144178063E-03   -0.8325394631E-03   -0.2047534760E-01   -0.1297986159E+01   -0.6497708340E-02
   -0.1280000000E+00    0.5841354936E-03    0.1139019452E-03   -0.8331106499E-03   -0.2044500253E-01   -0.1296647961E+01   -0.6492843799E-02
   -0.1270000000E+00    0.5831832951E-03    0.1133927010E-03   -0.8336164101E-03   -0.2043178157E-01   -0.1295310424E+01   -0.6488008929E-02
   -0.1260000000E+00    0.5834019812E-03    0.1128640121E-03   -0.8342583458E-03   -0.2040854377E-01   -0.1293973412E+01   -0.6483191065E-02
   -0.1250000000E+00    0.5836172798E-03    0.1123435410E-03   -0.8348613288E-03   -0.2039536306E-01   -0.1292637192E+01   -0.6478414111E-02
   -0.1240000000E+00    0.5838292848E-03    0.1117372086E-03   -0.8351487110E-03   -0.2037217908E-01   -0.1291301629E+01   -0.6473667056E-02
   -0.1230000000E+00    0.5840380891E-03    0.1112038580E-03   -0.8357018194E-03   -0.2035203991E-01   -0.1289966720E+01   -0.6468949427E-02
   -0.1220000000E+00    0.5842433390E-03    0.1106769139E-03   -0.8360516808E-03   -0.2032892330E-01   -0.1288632330E+01   -0.6464260756E-02
   -0.1210000000E+00    0.5844451292E-03    0.1100514488E-03   -0.8365338248E-03   -0.2031583086E-01   -0.1287298735E+01   -0.6459589683E-02
   -0.1200000000E+00    0.5846435429E-03    0.1095112909E-03   -0.8368289247E-03   -0.2029278083E-01   -0.1285965768E+01   -0.6454961355E-02
   -0.1190000000E+00    0.5847569542E-03    0.1089774220E-03   -0.8370919159E-03   -0.2027972870E-01   -0.1284633459E+01   -0.6450361771E-02
   -0.1180000000E+00    0.5849480986E-03    0.1083338837E-03   -0.8374897561E-03   -0.2025972800E-01   -0.1283301663E+01   -0.6445792618E-02
   -0.1170000000E+00    0.5851356951E-03    0.1077993984E-03   -0.8376860130E-03   -0.2023676496E-01   -0.1281970644E+01   -0.6441253452E-02
   -0.1160000000E+00    0.5853193900E-03    0.1071569808E-03   -0.8381541928E-03   -0.2022377631E-01   -0.1280640266E+01   -0.6436743808E-02
   -0.1150000000E+00    0.5854992709E-03    0.1065190252E-03   -0.8382926642E-03   -0.2020087413E-01   -0.1279310397E+01   -0.6432264888E-02
   -0.1140000000E+00    0.5856754228E-03    0.1059654315E-03   -0.8384114346E-03   -0.2018792631E-01   -0.1277981298E+01   -0.6427828250E-02
   -0.1130000000E+00    0.5857667534E-03    0.1053136216E-03   -0.8386548756E-03   -0.2015815590E-01   -0.1276652836E+01   -0.6423409445E-02
   -0.1120000000E+00    0.5859349138E-03    0.1046692276E-03   -0.8387070651E-03   -0.2014525641E-01   -0.1275325008E+01   -0.6419021711E-02
   -0.1110000000E+00    0.5860991595E-03    0.1041053552E-03   -0.8388493700E-03   -0.2012248329E-01   -0.1273997681E+01   -0.6414664589E-02
   -0.1100000000E+00    0.5862591351E-03    0.1034593326E-03   -0.8390055623E-03   -0.2010962508E-01   -0.1272671117E+01   -0.6410337678E-02
   -0.1090000000E+00    0.5863345444E-03    0.1027934039E-03   -0.8389720539E-03   -0.2008000545E-01   -0.1271345182E+01   -0.6500096080E-02
   -0.1080000000E+00    0.5864863150E-03    0.1021327558E-03   -0.8390272693E-03   -0.2006719589E-01   -0.1270019874E+01   -0.6495734836E-02
   -0.1070000000E+00    0.5866336225E-03    0.1014773837E-03   -0.8389263284E-03   -0.2005440214E-01   -0.1268695059E+01   -0.6491416030E-02
   -0.1060000000E+00    0.5866964362E-03    0.1008018156E-03   -0.8389235927E-03   -0.2003178447E-01   -0.1267370999E+01   -0.6487117122E-02
   -0.1050000000E+00    0.5868351442E-03    0.1001456412E-03   -0.8389252767E-03   -0.2001903278E-01   -0.1266047560E+01   -0.6482861447E-02
   -0.1040000000E+00    0.5868892583E-03    0.9946757145E-04   -0.8388643432E-03   -0.1998961019E-01   -0.1264724739E+01   -0.6478624890E-02
   -0.1030000000E+00    0.5870187653E-03    0.9870615710E-04   -0.8386479249E-03   -0.1997690755E-01   -0.1263402405E+01   -0.6474432347E-02
   -0.1020000000E+00    0.5871438060E-03    0.9802710299E-04   -0.8385203560E-03   -0.1995441442E-01   -0.1262080816E+01   -0.6470259782E-02
   -0.1010000000E+00    0.5871843141E-03    0.9735138484E-04   -0.8383727093E-03   -0.1994175664E-01   -0.1260759840E+01   -0.6466130396E-02
   -0.1000000000E+00    0.5872997800E-03    0.9666932031E-04   -0.8380584592E-03   -0.1992227404E-01   -0.1259439476E+01   -0.6462033619E-02
   -0.9900000000E-01    0.5873310375E-03    0.9589207794E-04   -0.8378451792E-03   -0.1989988326E-01   -0.1258119719E+01   -0.6457957321E-02
   -0.9800000000E-01    0.5874367865E-03    0.9520631761E-04   -0.8376035493E-03   -0.1988728373E-01   -0.1256800439E+01   -0.6453925153E-02
   -0.9700000000E-01    0.5874583585E-03    0.9442725317E-04   -0.8374944519E-03   -0.1986495645E-01   -0.1255481893E+01   -0.6449924981E-02
   -0.9600000000E-01    0.5875540975E-03    0.9374113670E-04   -0.8370624172E-03   -0.1984559609E-01   -0.1254163949E+01   -0.6445958052E-02
   -0.9500000000E-01    0.5875655450E-03    0.9296064044E-04   -0.8366555720E-03   -0.1983306522E-01   -0.1252743925E+01   -0.6442023991E-02
   -0.9400000000E-01    0.5876511170E-03    0.9217376327E-04   -0.8362951397E-03   -0.1981083682E-01   -0.1251427157E+01   -0.6438122439E-02
   -0.9300000000E-01    0.5876522786E-03    0.9148061315E-04   -0.8359086248E-03   -0.1979156728E-01   -0.1250111114E+01   -0.6434254626E-02
   -0.9200000000E-01    0.5876482254E-03    0.9069461629E-04   -0.8354967853E-03   -0.1977910761E-01   -0.1248795663E+01   -0.6430420212E-02
   -0.9100000000E-01    0.5877177952E-03    0.8996748346E-04   -0.8350605153E-03   -0.1975698084E-01   -0.1247480804E+01   -0.6426619385E-02
   -0.9000000000E-01    0.5877029845E-03    0.8917226995E-04   -0.8344444276E-03   -0.1974457565E-01   -0.1246166404E+01   -0.6422851766E-02
   -0.8900000000E-01    0.5876828592E-03    0.8837365705E-04   -0.8339541647E-03   -0.1971574818E-01   -0.1244852719E+01   -0.6419118659E-02
   -0.8800000000E-01    0.5877355638E-03    0.8757415027E-04   -0.8334518229E-03   -0.1970340011E-01   -0.1243539618E+01   -0.6415431249E-02
   -0.8700000000E-01    0.5877041907E-03    0.8677172165E-04   -0.8329216215E-03   -0.1969107306E-01   -0.1242227097E+01   -0.6411766603E-02
   -0.8600000000E-01    0.5876669695E-03    0.8609438640E-04   -0.8323739790E-03   -0.1966237604E-01   -0.1240915156E+01   -0.6408135988E-02
   -0.8500000000E-01    0.5877022008E-03    0.8520815776E-04   -0.8319347362E-03   -0.1965011024E-01   -0.1239603663E+01   -0.6404552168E-02
   -0.8400000000E-01    0.5876533614E-03    0.8440966954E-04   -0.8313585623E-03   -0.1963786169E-01   -0.1238292871E+01   -0.6400991792E-02
   -0.8300000000E-01    0.5887149878E-03    0.8374047771E-04   -0.8307631411E-03   -0.1961603012E-01   -0.1236982651E+01   -0.6397477545E-02
   -0.8200000000E-01    0.5886528694E-03    0.8286841547E-04   -0.8301684551E-03   -0.1959712656E-01   -0.1235672999E+01   -0.6393987735E-02
   -0.8100000000E-01    0.5885844648E-03    0.8221390655E-04   -0.8295291449E-03   -0.1958497780E-01   -0.1234363913E+01   -0.6390545020E-02
   -0.8000000000E-01    0.5885099600E-03    0.8136139545E-04   -0.8289192794E-03   -0.1956326606E-01   -0.1233055264E+01   -0.6387138124E-02
   -0.7900000000E-01    0.5885066997E-03    0.8064489142E-04   -0.8283110806E-03   -0.1954448985E-01   -0.1231747302E+01   -0.6383755875E-02
   -0.7800000000E-01    0.5884192078E-03    0.8002967297E-04   -0.8278307389E-03   -0.1953243901E-01   -0.1230439898E+01   -0.6380420818E-02
   -0.7700000000E-01    0.5883253309E-03    0.7922493766E-04   -0.8272366905E-03   -0.1952042638E-01   -0.1229133050E+01   -0.6377122832E-02
   -0.7600000000E-01    0.5882246944E-03    0.7856383863E-04   -0.8266164834E-03   -0.1949222163E-01   -0.1227826753E+01   -0.6373861654E-02
   -0.7500000000E-01    0.5881174747E-03    0.7792841595E-04   -0.8260439429E-03   -0.1948029385E-01   -0.1226520881E+01   -0.6370637508E-02
   -0.7400000000E-01    0.5880032958E-03    0.7731860625E-04   -0.8256144754E-03   -0.1946839617E-01   -0.1225215681E+01   -0.6367450135E-02
   -0.7300000000E-01    0.5878823298E-03    0.7673896608E-04   -0.8250880950E-03   -0.1944036688E-01   -0.1223911025E+01   -0.6364300841E-02
   -0.7200000000E-01    0.5877541985E-03    0.7610911142E-04   -0.8245608807E-03   -0.1942856947E-01   -0.1222606910E+01   -0.6361189394E-02
   -0.7100000000E-01    0.5875420560E-03    0.7559902854E-04   -0.8242188355E-03   -0.1941680677E-01   -0.1221303333E+01   -0.6358116037E-02
   -0.7000000000E-01    0.5873996369E-03    0.7512967767E-04   -0.8237839688E-03   -0.1939846013E-01   -0.1220000165E+01   -0.6355081060E-02
   -0.6900000000E-01    0.5872500038E-03    0.7461634935E-04   -0.8235114906E-03   -0.1937731338E-01   -0.1218697655E+01   -0.6352095428E-02
   -0.6800000000E-01    0.5870927728E-03    0.7435502684E-04   -0.8231327368E-03   -0.1936569892E-01   -0.1217395673E+01   -0.6349138027E-02
   -0.6700000000E-01    0.5869281035E-03    0.7393594262E-04   -0.8229529577E-03   -0.1934752559E-01   -0.1216094217E+01   -0.6346231075E-02
   -0.6600000000E-01    0.5877744070E-03    0.7356723298E-04   -0.8228242905E-03   -0.1932656451E-01   -0.1214793283E+01   -0.6343352417E-02
   -0.6500000000E-01    0.5875931321E-03    0.7337014377E-04   -0.8224705869E-03   -0.1931511066E-01   -0.1213492868E+01   -0.6340524755E-02
   -0.6400000000E-01    0.5874037537E-03    0.7319293271E-04   -0.8224445054E-03   -0.1929712170E-01   -0.1212192845E+01   -0.6337725510E-02
   -0.6300000000E-01    0.5872064678E-03    0.7310839319E-04   -0.8223277371E-03   -0.1928577604E-01   -0.1210893459E+01   -0.6334978389E-02
   -0.6200000000E-01    0.5869246508E-03    0.7299803398E-04   -0.8224212652E-03   -0.1926790474E-01   -0.1209594582E+01   -0.6332260873E-02
   -0.6100000000E-01    0.5867109940E-03    0.7291106553E-04   -0.8225765806E-03   -0.1924727724E-01   -0.1208296210E+01   -0.6329595549E-02
   -0.6000000000E-01    0.5864127292E-03    0.7300397064E-04   -0.8226372039E-03   -0.1923727086E-01   -0.1206998341E+01   -0.6326971588E-02
   -0.5900000000E-01    0.5861821929E-03    0.7315694865E-04   -0.8229173601E-03   -0.1921959350E-01   -0.1205700970E+01   -0.6324389357E-02
   -0.5800000000E-01    0.5858670958E-03    0.7328743588E-04   -0.8232215316E-03   -0.1920853962E-01   -0.1204403972E+01   -0.6321848639E-02
   -0.5700000000E-01    0.5856190191E-03    0.7347449524E-04   -0.8236046604E-03   -0.1918817053E-01   -0.1203107588E+01   -0.6319350846E-02
   -0.5600000000E-01    0.5863694355E-03    0.7379997591E-04   -0.8240506977E-03   -0.1917068592E-01   -0.1201811692E+01   -0.6316895794E-02
   -0.5500000000E-01    0.5861021756E-03    0.7409300987E-04   -0.8243895930E-03   -0.1915979368E-01   -0.1200516280E+01   -0.6376567675E-02
   -0.5400000000E-01    0.5857502856E-03    0.7443208154E-04   -0.8249246018E-03   -0.1914243016E-01   -0.1199221348E+01   -0.6374141646E-02
   -0.5300000000E-01    0.5853891957E-03    0.7492418590E-04   -0.8254520001E-03   -0.1913163188E-01   -0.1197926893E+01   -0.6371748437E-02
   -0.5200000000E-01    0.5850939851E-03    0.7532211606E-04   -0.8260131082E-03   -0.1911435996E-01   -0.1196632910E+01   -0.6369399379E-02
   -0.5100000000E-01    0.5847139631E-03    0.7573137392E-04   -0.8264310062E-03   -0.1909433051E-01   -0.1195339276E+01   -0.6367105263E-02
   -0.5000000000E-01    0.5843241564E-03    0.7616624335E-04   -0.8270766706E-03   -0.1908367936E-01   -0.1194046227E+01   -0.6364845586E-02
   -0.4900000000E-01    0.5839246773E-03    0.7665411133E-04   -0.8274005328E-03   -0.1906650836E-01   -0.1192753639E+01   -0.6362642151E-02
   -0.4800000000E-01    0.5846634329E-03    0.7688424938E-04   -0.8278970608E-03   -0.1905582380E-01   -0.1191461508E+01   -0.6360473535E-02
   -0.4700000000E-01    0.5842424166E-03    0.7722523485E-04   -0.8279997778E-03   -0.1903864594E-01   -0.1190169830E+01   -0.6358361855E-02
   -0.4600000000E-01    0.5838112404E-03    0.7736336694E-04   -0.8281838121E-03   -0.1902791665E-01   -0.1188946721E+01   -0.6356296648E-02
   -0.4500000000E-01    0.5833696031E-03    0.7734269515E-04   -0.8280023777E-03   -0.1901067405E-01   -0.1187655861E+01   -0.6354278334E-02
   -0.4400000000E-01    0.5829172011E-03    0.7712485499E-04   -0.8274347281E-03   -0.1899059587E-01   -0.1186365323E+01   -0.6352307318E-02
   -0.4300000000E-01    0.5824541223E-03    0.7667010534E-04   -0.8268118012E-03   -0.1897968219E-01   -0.1185075340E+01   -0.6350384047E-02
   -0.4200000000E-01    0.5830459014E-03    0.7586327728E-04   -0.8256734291E-03   -0.1896221683E-01   -0.1183785788E+01   -0.6348509001E-02
   -0.4100000000E-01    0.5825593132E-03    0.7483417479E-04   -0.8242837260E-03   -0.1895108189E-01   -0.1182496664E+01   -0.6346682622E-02
   -0.4000000000E-01    0.5820615006E-03    0.7351028065E-04   -0.8221896299E-03   -0.1893338934E-01   -0.1181207961E+01   -0.6344905400E-02
   -0.3900000000E-01    0.5814779041E-03    0.7180468118E-04   -0.8198914632E-03   -0.1892199555E-01   -0.1179919677E+01   -0.6343188013E-02
   -0.3800000000E-01    0.5809567649E-03    0.6978327388E-04   -0.8169967023E-03   -0.1890405029E-01   -0.1178631804E+01   -0.6341510607E-02
   -0.3700000000E-01    0.5814835696E-03    0.6742328339E-04   -0.8136477242E-03   -0.1889239693E-01   -0.1177344340E+01   -0.6339894595E-02
   -0.3600000000E-01    0.5808632910E-03    0.6464312583E-04   -0.8100374301E-03   -0.1887423122E-01   -0.1176057276E+01   -0.6338319161E-02
   -0.3500000000E-01    0.5803047405E-03    0.6173839726E-04   -0.8059503879E-03   -0.1886239413E-01   -0.1174770491E+01   -0.6336806237E-02
   -0.3400000000E-01    0.5797334807E-03    0.5861420263E-04   -0.8016685054E-03   -0.1884414046E-01   -0.1173484214E+01   -0.6335345730E-02
   -0.3300000000E-01    0.5790759063E-03    0.5557538927E-04   -0.7974950016E-03   -0.1882319990E-01   -0.1172198319E+01   -0.6333927662E-02
   -0.3200000000E-01    0.5795328414E-03    0.5277329081E-04   -0.7935005184E-03   -0.1880515682E-01   -0.1170912801E+01   -0.6332573883E-02
   -0.3100000000E-01    0.5788481502E-03    0.5030231972E-04   -0.7899085258E-03   -0.1879375030E-01   -0.1169627651E+01   -0.6331274410E-02
   -0.3000000000E-01    0.5782236858E-03    0.4855896058E-04   -0.7872985344E-03   -0.1877637399E-01   -0.1168342862E+01   -0.6330029880E-02
   -0.2900000000E-01    0.5775120751E-03    0.4794228785E-04   -0.7857439474E-03   -0.1876589192E-01   -0.1167058425E+01   -0.6328851445E-02
   -0.2800000000E-01    0.5767868925E-03    0.4839608534E-04   -0.7858016710E-03   -0.1874970868E-01   -0.1165774332E+01   -0.6327718625E-02
   -0.2700000000E-01    0.5770953823E-03    0.5047720080E-04   -0.7875843027E-03   -0.1874060062E-01   -0.1164490577E+01   -0.6326642491E-02
   -0.2600000000E-01    0.5764139850E-03    0.5392198519E-04   -0.7910587559E-03   -0.1872588331E-01   -0.1163207153E+01   -0.6325633998E-02
   -0.2500000000E-01    0.5756449257E-03    0.5860094262E-04   -0.7958828345E-03   -0.1871812234E-01   -0.1161924054E+01   -0.6324672645E-02
   -0.2400000000E-01    0.5748611398E-03    0.6398175481E-04   -0.8017917663E-03   -0.1870439842E-01   -0.1160641279E+01   -0.6323779773E-02
   -0.2300000000E-01    0.5751049844E-03    0.6925257434E-04   -0.8071709926E-03   -0.1869059601E-01   -0.1159358827E+01   -0.6322945895E-02
   -0.2200000000E-01    0.5742896443E-03    0.7285138415E-04   -0.8108062456E-03   -0.1868238109E-01   -0.1158076586E+01   -0.6322160034E-02
   -0.2100000000E-01    0.5734586573E-03    0.7327193553E-04   -0.8107454640E-03   -0.1867541325E-01   -0.1156794791E+01   -0.6321444197E-02
   -0.2000000000E-01    0.5735782456E-03    0.6949039859E-04   -0.8055863101E-03   -0.1866364840E-01   -0.1155513328E+01   -0.6320788829E-02
   -0.1900000000E-01    0.5727138989E-03    0.6088424186E-04   -0.7945198169E-03   -0.1864336806E-01   -0.1154232193E+01   -0.6320195018E-02
   -0.1800000000E-01    0.5718330167E-03    0.4896217399E-04   -0.7795878513E-03   -0.1862785140E-01   -0.1152951367E+01   -0.6319674261E-02
   -0.1700000000E-01    0.5709353913E-03    0.3757402618E-04   -0.7652994530E-03   -0.1860642761E-01   -0.1151670813E+01   -0.6319206829E-02
   -0.1600000000E-01    0.5709829316E-03    0.3304986255E-04   -0.7590536319E-03   -0.1858833170E-01   -0.1150390479E+01   -0.6318803465E-02
   -0.1500000000E-01    0.5700502042E-03    0.4077266787E-04   -0.7670978381E-03   -0.1858244488E-01   -0.1149110317E+01   -0.6318474091E-02
   -0.1400000000E-01    0.5690279357E-03    0.6005538967E-04   -0.7885608715E-03   -0.1857577199E-01   -0.1147830324E+01   -0.6318197856E-02
   -0.1300000000E-01    0.5690904698E-03    0.7767776511E-04   -0.8082441684E-03   -0.1856830528E-01   -0.1146550589E+01   -0.6317997381E-02
   -0.1200000000E-01    0.5680301046E-03    0.7159681674E-04   -0.8004229832E-03   -0.1855584982E-01   -0.1145271264E+01   -0.6317866168E-02
   -0.1100000000E-01    0.5669504347E-03    0.3761163574E-04   -0.7597981501E-03   -0.1852394442E-01   -0.1143992369E+01   -0.6317808716E-02
   -0.1000000000E-01    0.5668793413E-03    0.2116221285E-04   -0.7395285454E-03   -0.1851565161E-01   -0.1142713563E+01   -0.6317817561E-02
   -0.9000000000E-02    0.5657621895E-03    0.6791466514E-04   -0.7924738080E-03   -0.1852220220E-01   -0.1141434508E+01   -0.6317879346E-02
   -0.8000000000E-02    0.5657205954E-03    0.7490964030E-04   -0.7996761407E-03   -0.1850989216E-01   -0.1140155942E+01   -0.6318020350E-02
   -0.7000000000E-02    0.5644877855E-03    0.6222052626E-05   -0.7187611323E-03   -0.1846806403E-01   -0.1138878114E+01   -0.6318268222E-02
   -0.6000000000E-02    0.5633090047E-03    0.5672037280E-04   -0.7845509874E-03   -0.1847452207E-01   -0.1137599630E+01   -0.6318538714E-02
   -0.5000000000E-02    0.5631292917E-03    0.4795824509E-04   -0.7552688363E-03   -0.1845902837E-01   -0.1136321656E+01   -0.6318907759E-02
   -0.4000000000E-02    0.5619054700E-03    0.3882319651E-04   -0.7462991321E-03   -0.1845371915E-01   -0.1135043915E+01   -0.6319344981E-02
   -0.3000000000E-02    0.5606601772E-03    0.4198326826E-04   -0.7471506854E-03   -0.1844019980E-01   -0.1133766219E+01   -0.6319861130E-02
   -0.2000000000E-02    0.5603391942E-03    0.5161626838E-04   -0.7590429201E-03   -0.1842902058E-01   -0.1132488624E+01   -0.6320449416E-02
   -0.1000000000E-02    0.5590475501E-03    0.5066491405E-04   -0.7611360868E-03   -0.1841846126E-01   -0.1131211242E+01   -0.6321120006E-02
    0.1249000903E-15    0.5586770760E-03    0.5179771848E-04   -0.7714997281E-03   -0.1841030220E-01   -0.1129933978E+01   -0.6405255096E-02
    0.1000000000E-02    0.5572665907E-03    0.5128015194E-04   -0.7694105935E-03   -0.1839496810E-01   -0.1128656793E+01   -0.6405989486E-02
    0.2000000000E-02    0.5569155716E-03    0.5076450156E-04   -0.7672797927E-03   -0.1837969287E-01   -0.1127379699E+01   -0.6406792607E-02
    0.3000000000E-02    0.5554551526E-03    0.5036231744E-04   -0.7652171346E-03   -0.1837061379E-01   -0.1126102683E+01   -0.6407685924E-02
    0.4000000000E-02    0.5549801264E-03    0.4996046830E-04   -0.7629997088E-03   -0.1836422122E-01   -0.1124825731E+01   -0.6408651142E-02
    0.5000000000E-02    0.5534676956E-03    0.4948350011E-04   -0.7607179206E-03   -0.1834910880E-01   -0.1123548832E+01   -0.6409708068E-02
    0.6000000000E-02    0.5529370482E-03    0.4900974167E-04   -0.7585209194E-03   -0.1833405734E-01   -0.1122271971E+01   -0.6410848406E-02
    0.7000000000E-02    0.5513001493E-03    0.4846001041E-04   -0.7562775195E-03   -0.1833392501E-01   -0.1120995133E+01   -0.6412073778E-02
    0.8000000000E-02    0.5507117391E-03    0.4809972725E-04   -0.7538763064E-03   -0.1831898053E-01   -0.1119718306E+01   -0.6413384206E-02
    0.9000000000E-02    0.5490885560E-03    0.4766343813E-04   -0.7515364691E-03   -0.1830409254E-01   -0.1118349880E+01   -0.6414791694E-02
    0.1000000000E-01    0.5483697437E-03    0.4715407458E-04   -0.7492768429E-03   -0.1829799281E-01   -0.1117073132E+01   -0.6416276717E-02
